8000025
8000230
8000660
8001047
8001494
8002632
8002678
8003235
8003176
8003675
8004007
8004704
8004718
8005347
8005730
8006165
8007115
8007633
8008101
8008175
8008737
8009496
8009697
8009914
8010175
8010802
8010893
8011114
8013759
8013766
8014751
8014832
8014859
8015060
8015367
8016307
8016910
8016882
8017768
8017827
8017918
8018250
8018627
8018958
8019245
8019705
8020014
8020389
8021848
8023344
8024128
8024325
8024497
8024892
8025478
8025721
8026372
8026830
8027029
8027384
8027764
8028015
8027992
8028407
8028543
8028717
8029386
8030956
8031332
8031485
8031540
8031896
8032578
8033677
8033927
8034515
8034653
8034741
8034791
8034835
8034873
8035225
8035355
8035510
8035626
8035859
8036527
8036488
8036732
8036741
8036691
8036757
8036776
8037326
8037543
8037992
8038068
8038857
8039777
8040256
8040579
8040882
8041392
8042037
8042350
8042681
8043045
8043792
8043868
8043874
8043846
8044050
8044070
8044107
8044120
8044095
8044148
8044343
8044998
8045268
8045639
8046115
8046183
8046262
8046464
8046498
8046512
8047303
8048413
8048716
8049194
8049680
8049755
8049919
8050372
8050620
8050692
8051358
8051766
8051927
8052159
8052773
8052961
8052897
8054179
8054460
8055268
8055368
8055399
8055373
8055705
8055666
8057099
8057376
8058602
8058806
8059016
8059139
8059303
8059425
8059653
8059629
8059735
8059826
8060149
8060211
8060827
8061136
8061483
8062055
8062675
8062943
8063699
8063715
8063853
8063877
8063965
8064375
8064412
8064847
8065149
8065351
8065560
8066115
8066733
8066957
8067113
8067350
8067806
8068528
8069086
8069147
8069622
8069800
8070136
8070200
8070346
8070344
8070408
8070881
8071069
8072219
8072543
8072652
8072881
8073139
8073649
8073731
8074546
8074618
8074956
8075110
8075579
8075917
8076136
8076630
8079265
8079487
8080188
8080811
8080913
8081495
8081657
8081709
8081817
8082002
8082173
8082352
8083056
8083213
8084379
8084894
8085557
8086470
8087552
8088569
8088767
8089568
8089955
8089978
8090304
8090693
8090754
8090820
8090823
8091480
8091681
8091718
8091760
8091989
8092388
8092580
8093131
8094098
8094381
8094676
8095025
8095353
8095522
8095636
8096016
8097258
8097314
8097434
8098493
8098621
8098916
8099904
8100069
8100581
8101080
8101258
8101463
8101949
8102006
8102406
8102564
8103518
8104136
8104667
8105150
8105289
8105609
8105636
8105703
8106064
8106490
8106530
8106823
8106890
8106961
8108187
8108191
8109249
8109762
8110374
8110848
8112110
8113021
8113174
8113656
8113803
8114346
8114901
8115700
8117048
8117079
8117244
8117626
8117605
8117840
8118137
8118119
8118082
8118281
8118541
8119082
8119346
8119354
8119776
8119845
8119860
8120125
8120614
8121122
8121133
8121526
8122605
8122606
8123104
8123388
8123553
8123870
8125262
8125306
8125668
8125962
8126208
8126534
8126694
8126805
8127249
8127371
8127413
8129654
8129882
8130017
8130358
8130879
8130938
8130887
8130983
8131524
8131589
8131724
8132978
8134200
8134353
8134286
8134636
8135202
8135173
8135219
8135329
8136123
8136358
8136445
8136456
8136571
8136650
8136724
8136917
8136989
8137345
8138316
8139486
8139592
8140621
8140869
8140980
8141126
8141177
8141222
8141347
8141356
8142195
8142462
8142986
8144600
8144800
8145278
8145943
8146053
8146186
8146640
8146694
8146799
8146801
8146851
8146970
8147065
8147526
8147843
8148534
8148942
8149013
8149271
8149317
8149702
8149861
8150394
8152020
8151994
8153149
8153231
8153464
8153960
8154784
8155077
8155415
8156165
8156281
8156505
8156885
8157047
8157632
8157872
8158093
8159082
8159112
8159151
8159843
8159927
8159971
8160944
8161212
8161307
8161593
8161756
8161835
8162030
8162523
8162765
8163250
8163585
8163661
8164030
8164006
8164240
8164347
8165030
8165148
8165366
8165723
8165740
8166062
8166222
8166438
8166725
8168085
8168177
8168340
8169825
8170755
8171008
8171183
8171231
8171275
8172104
8172186
8172269
8172427
8172642
8172913
8173150
8173611
8173683
8173881
8174159
8174477
8174593
8174607
8174711
8174870
8175021
8175113
8175516
8175921
8176003
8176572
8176690
8176719
8177264
8179017
8179073
8179201
8179777
8179954
8180777
8180813
8181001
8180999
8181387
8181681
8182409
8182826
8182938
8182978
8183243
8183572
8183727
8183869
8183894
8184097
8185461
8186069
8186852
8187147
8187034
8187253
8187799
8187811
8188163
8188507
8189143
8189330
8189507
8189613
8189923
8190022
8190202
8191048
8191943
8192365
8192636
8193452
8193508
8194267
8195211
8195357
8196199
8196622
8196704
8197625
8197752
8198540
8199238
8200257
8200921
8201285
8201281
8201665
8201982
8202312
8202424
8202647
8203762
8206335
8207085
8207171
8207304
8207706
8207839
8207866
8208106
8208761
8209072
8209181
8209883
8210339
8210352
8210661
8210745
8210823
8211484
8211506
8211731
8212011
8213042
8213380
8213480
8213878
8214675
8214875
8214955
8215167
8215473
8215486
8215694
8216236
8217440
8218114
8219111
8219731
8219809
8220071
8220739
8221081
8221614
8221738
8222226
8222488
8223324
8223567
8224975
8225969
8226213
8226398
8226432
8226811
8226870
8226885
8227426
8227494
8227861
8227901
8228256
8228357
8228563
8228640
8229504
8229565
8230533
8230608
8230644
8231118
8231182
8231224
8231523
8231573
8231704
8231707
8231868
8231921
8232047
8232909
8234190
8234660
8234867
8235266
8235302
8235684
8236759
8236858
8236988
8237013
8238250
8238992
8239684
8240610
8240852
8241182
8242032
8242208
8242290
8242416
8243369
8243564
8244001
8244111
8244049
8244247
8244486
8244590
8245345
8245347
8245487
8246699
8247144
8247497
8247725
8247688
8248076
8248139
8248708
8248919
8249249
8249375
8249387
8249602
8250592
8250662
8251252
8251427
8251420
8251556
8251733
8251771
8252480
8252584
8252806
8252921
8252935
8253782
8254098
8254477
8255030
8255181
8255770
8255822
8256041
8256184
8256563
8256739
8256929
8256934
8257078
8257151
8257236
8257376
8257552
8257502
8257817
8258443
8258764
8259081
8260152
8260579
8260732
8261153
8261291
8261344
8261778
8261834
8262553
8263276
8263286
8263475
8264164
8264502
8264503
8264476
8264614
8264847
8265101
8265261
8265477
8265503
8266273
8266419
8266945
8267635
8269299
8269291
8270321
8270455
8271450
8271605
8272619
8273732
8274308
8274678
8274726
8276037
8276370
8276382
8276520
8276782
8276960
8277858
8278207
8278906
8279121
8279964
8280740
8281187
8281266
8281458
8281643
8281706
8282050
8282225
8283209
8283303
8283404
8283412
8283640
8283655
8283808
8284059
8284020
8284673
8284662
8285291
8285637
8286022
8286139
8286640
8286742
8287396
8287817
8288107
8288446
8288590
8288604
8288808
8289101
8289717
8290084
8290450
8291103
8291628
8292181
8292321
8292684
8292769
8293176
8293585
8293516
8293843
8293868
8294211
8294565
8295058
8295270
8296923
8297439
8297534
8297537
8297642
8297774
8298386
8298581
8298678
8299040
8299268
8299558
8299604
8299757
8299804
8299852
8299982
8300115
8300365
8300638
8301117
8301500
8301526
8302361
8302681
8303549
8303612
8304005
8304156
8304252
8304298
8304391
8304482
8304805
8305187
8305815
8305957
8306125
8306195
8307061
8307661
8308550
8309327
8308970
8309778
8309800
8309876
8310998
8310986
8311486
8311612
8311858
8311804
8312239
8312536
8312495
8312504
8313675
8314051
8314217
8314798
8314877
8315242
8316825
8317289
8317484
8317924
8318101
8318231
8318261
8318492
8319476
8320075
8320469
8320999
8321692
8321771
8321795
8321729
8321874
8322199
8322415
8322445
8322780
8323444
8323509
8324467
8324906
8324929
8324977
8325167
8325580
8325623
8325522
8325680
8325767
8326267
8326383
8326528
8326615
8326503
8326808
8326889
8326807
8327897
8327952
8328047
8327918
8328356
8328604
8329336
8329484
8329493
8329942
8330541
8330982
8330937
8333219
8333509
8333983
8334049
8334082
8334079
8334770
8335587
8335362
8336783
8338068
8339069
8339937
8340238
8341097
8341148
8341386
8341631
8341636
8341894
8342542
8343135
8343981
8345351
8345129
8345555
8345827
8345987
8346301
8346439
8347206
8348050
8348903
8349361
8349685
8349841
8350196
8350211
8350313
8351736
8351740
8351693
8351756
8351702
8351972
8351975
8353453
8354350
8354379
8354372
8354477
8354618
8354934
8355394
8355903
8355972
8356093
8356206
8356416
8356641
8356616
8357283
8357972
8358461
8358368
8358924
8358880
8359081
8359485
8359435
8359978
8360389
8360802
8361244
8361666
8362263
8362313
8362499
8362661
8362815
8363201
8363296
8363418
8363408
8364036
8364383
8364421
8364786
8366441
8366570
8366928
8366882
8367159
8367099
8367566
8367553
8367623
8368017
8368209
8368229
8368572
8368455
8368684
8368950
8368977
8369333
8369553
8369803
8370001
8370256
8370857
8371917
8372076
8372550
8372676
8373187
8373272
8373614
8373612
8373735
8373954
8373958
8374215
8374484
8374410
8374498
8374932
8375062
8375077
8375369
8375655
8375686
8377059
8378118
8378121
8378065
8379122
8379297
8379378
8380024
8380297
8380533
8380818
8381470
8381833
8382315
8382341
8382619
8382897
8383532
8383839
8383781
8383772
8384217
8384148
8384365
8384911
8385067
8384989
8385482
8386003
8387102
8387380
8387589
8387607
8387647
8387713
8388035
8388272
8388487
8388902
8389112
8390130
8390175
8390243
8390818
8390950
8391243
8391387
8391679
8392247
8392341
8392532
8393200
8393280
8393277
8393924
8394093
8394108
8394217
8394497
8394999
8395339
8395382
8396554
8396952
8397744
8397888
8398539
8399015
8399080
8399049
8399392
8399600
8400112
8400649
8400768
8400813
8400870
8400874
8401043
8401068
8401173
8401889
8401823
8402671
8402772
8402779
8404510
8404487
8404707
8405162
8405298
8405635
8406524
8406534
8407154
8407793
8408401
8408722
8408806
8409406
8409667
8410025
8410416
8411675
8411926
8411983
8412308
8413048
8414229
8414341
8414551
8414986
8415596
8417494
8418831
8418999
8418758
8419065
8419350
8419624
8420065
8420099
8420125
8420711
8421103
8421338
8421843
8422096
8422175
8423108
8423887
8424095
8424886
8425532
8426232
8427006
8427066
8427105
8427759
8427977
8428092
8428142
8428380
8428686
8428682
8428822
8429388
8429578
8430835
8430969
8431566
8431640
8431906
8431907
8432192
8432270
8432624
8433624
8433896
8433984
8434167
8434452
8435423
8435468
8437417
8437956
8438314
8438407
8438456
8438642
8438874
8439024
8439219
8439523
8439565
8439639
8441073
8441552
8442399
8442300
8442973
8443460
8443584
8445714
8446367
8446607
8448399
8448302
8448427
8449694
8449705
8450581
8450522
8450670
8450785
8451008
8451357
8451580
8451796
8451799
8451828
8452149
8452535
8452606
8452797
8453121
8453683
8454680
8454982
8455065
8455311
8455159
8455549
8456714
8456923
8457942
8458742
8458802
8459036
8459121
8459340
8459616
8459696
8459985
8460119
8460934
8463192
8464352
8464468
8464526
8464847
8464858
8465151
8465162
8465435
8466267
8466514
8466630
8466758
8467206
8468122
8468264
8468762
8468910
8469032
8469655
8469996
8470121
8470157
8470154
8470621
8471137
8471485
8471688
8471747
8471905
8472281
8473166
8473204
8473580
8474177
8474273
8474291
8474615
8474643
8475067
8475171
8475231
8475285
8475654
8475890
8475791
8476686
8478067
8478048
8479360
8479386
8479423
8479368
8482081
8482193
8483583
8483782
8484111
8484829
8484834
8485248
8485717
8485856
8485788
8486468
8486934
8486892
8487623
8488937
8488932
8488638
8489547
8489539
8490097
8490343
8490336
8490419
8490422
8490530
8490889
8491662
8491625
8491759
8492301
8492701
8492923
8494148
8494652
8494788
8495195
8495441
8495471
8495721
8496516
8496284
8496864
8498659
8499682
8500106
8500203
8500930
8501528
8501733
8501819
8502209
8503609
8503675
8504555
8504730
8504864
8505029
8505117
8505560
8506413
8506655
8506605
8506822
8507008
8507588
8507600
8509316
8509497
8509550
8510901
8511334
8511369
8511699
8512138
8512391
8513108
8513641
8514494
8514444
8514770
8514731
8515188
8515290
8515587
8516011
8516173
8516598
8516942
8517451
8517673
8520030
8520317
8521292
8521816
8521747
8521964
8522907
8522953
8522889
8523834
8523877
8524444
8524391
8524943
8524961
8525275
8525513
8526016
8526228
8526319
8526378
8526430
8527105
8527107
8527419
8527637
8527789
8528296
8528937
8529175
8529281
8529564
8529591
8529649
8531617
8531795
8533024
8533412
8533441
8533565
8534836
8535232
8535491
8536018
8535802
8536016
8538157
8539534
8540201
8540272
8540336
8540779
8541043
8541306
8541745
8542315
8543990
8544221
8544651
8544715
8545026
8545547
8545555
8545961
8546478
8548822
8549145
8549239
8549344
8549471
8549629
8549734
8549977
8550483
8550803
8551331
8551809
8553070
8553522
8553521
8553527
8553680
8554132
8554306
8554744
8555291
8555324
8556257
8556329
8556617
8556553
8557195
8557722
8557953
8558010
8558145
8558309
8558420
8558577
8558633
8558979
8559867
8559951
8560430
8560996
8561287
8561272
8562126
8563318
8563320
8563862
8564301
8566322
8566688
8566643
8566850
8567527
8567861
8568263
8568631
8569666
8570333
8570429
8570578
8571037
8571860
8572268
8572593
8573027
8573293
8574739
8574864
8575664
8575800
8576835
8577124
8577484
8577726
8577815
8577813
8577923
8578024
8578432
8579792
8580261
8580270
8580886
8582439
8582591
8583482
8583655
8583661
8583935
8584187
8584237
8584681
8585116
8585461
8585934
8586399
8586657
8586838
8586978
8586927
8587141
8587754
8589335
8589374
8590300
8590397
8590468
8590473
8590440
8591782
8592366
8592774
8592824
8592873
8594191
8594976
8595667
8595281
8598218
8598687
8599090
8599560
8600578
8600935
8601092
8601263
8602166
8602213
8602233
8602945
8603053
8603417
8603474
8603726
8604152
8604505
8604716
8604824
8605320
8605328
8605370
8605446
8605627
8606165
8606719
8606801
8607306
8607309
8607477
8607749
8608409
8608411
8608308
8609992
8611183
8611482
8614659
8615453
8616681
8616706
8617496
8617673
8617894
8618253
8618503
8619890
8620471
8621455
8621570
8621761
8621764
8621692
8623234
8623329
8623461
8623955
8624535
8624651
8624712
8625014
8625412
8625415
8625564
8625985
8626409
8627013
8627130
8627585
8628311
8629017
8629178
8629606
8630310
8630900
8630996
8631155
8631286
8632319
8632736
8632961
8633144
8633534
8634238
8634707
8635200
8636715
8636863
8637057
8637331
8637585
8637879
8637942
8639020
8639267
8641588
8642150
8642409
8643521
8644250
8644556
8644646
8645185
8645660
8645682
8645808
8645943
8647013
8647087
8647922
8648109
8648556
8648632
8650119
8650284
8651015
8650994
8651982
8651957
8652275
8652421
8652447
8652534
8652695
8653049
8653583
8653524
8653701
8654232
8654381
8654553
8654869
8655018
8655194
8656877
8656873
8656948
8657020
8657357
8657415
8657633
8657821
8657992
8658222
8658412
8658835
8659012
8659175
8659044
8659178
8659027
8659411
8659642
8660107
8660229
8660342
8662753
8664529
8665331
8666064
8666587
8666874
8667732
8667873
8668591
8668699
8669213
8670200
8671035
8671135
8671669
8671757
8672142
8673080
8673340
8673589
8673714
8673820
8674067
8674064
8674206
8674849
8675421
8675460
8676656
8677270
8678015
8678016
8678070
8678701
8679450
8679578
8679716
8680251
8680797
8680829
8681353
8681424
8681671
8681733
8682094
8682144
8682238
8682422
8682546
8682584
8683174
8683260
8683287
8683477
8684341
8684376
8684492
8684527
8684716
8684861
8685527
8685944
8686838
8687921
8688950
8689193
8689661
8690393
8690646
8691732
8691824
8692290
8692507
8692651
8692605
8692853
8693543
8693867
8694509
8695089
8695814
8696121
8697086
8697455
8697827
8698004
8698252
8699229
8700027
8700370
8701130
8701135
8701356
8701701
8701725
8701855
8703641
8703708
8703870
8704812
8705251
8705382
8705661
8705832
8706174
8706185
8706473
8707925
8708193
8708584
8708580
8708630
8709018
8709271
8710748
8712241
8712425
8712571
8713133
8713162
8713487
8714042
8714708
8715072
8715094
8715356
8715704
8716279
8716798
8717408
8718889
8718913
8719383
8719870
8720237
8720400
8720472
8720713
8721670
8721891
8722449
8722615
8722910
8723431
8724038
8724543
8725347
8725585
8726792
8727975
8728605
8728784
8729043
8730609
8730942
8731117
8733199
8733643
8733930
8733927
8733953
8734142
8734327
8734609
8735076
8735195
8735697
8735655
8736399
8738942
8739039
8739358
8739383
8740509
8740811
8742037
8742197
8742951
8743100
8743627
8743794
8744185
8744521
8744635
8745118
8745435
8746033
8746251
8746802
8747633
8747931
8748078
8748315
8748588
8749043
8749083
8750372
8752137
8752652
8753105
8753261
8753308
8753588
8753672
8754297
8754816
8754938
8755382
8755436
8755925
8756021
8756644
8757850
8758071
8758533
8759779
8759942
8760062
8760113
8760188
8760546
8761948
8762013
8762119
8762479
8762665
8762930
8763146
8763165
8763528
8763947
8765411
8765850
8765874
8765884
8766034
8766270
8766438
8767557
8767627
8767935
8768604
8768629
8769714
8769940
8769914
8770095
8770202
8770840
8770930
8771529
8771949
8772338
8772569
8773684
8773919
8774347
8774552
8775070
8775557
8775630
8776030
8777434
8777439
8777654
8777988
8778091
8778264
8778363
8778453
8779149
8779203
8780391
8780428
8780676
8780675
8781590
8781926
8782274
8782627
8783229
8784412
8784865
8785365
8786426
8786449
8786524
8786682
8786901
8787480
8789309
8789366
8789421
8790511
8790578
8790973
8791047
8791131
8791579
8791846
8792081
8792091
8793120
8793534
8794023
8794803
8794790
8794915
8795550
8795674
8796025
8796369
8797560
8797973
8798201
8799224
8799441
8799910
8799934
8800153
8800632
8801118
8801250
8801382
8802150
8802463
8802817
8803789
8804546
8804860
8805439
8805630
8807006
8807432
8807756
8808545
8809805
8810215
8810608
8810959
8811664
8811657
8813460
8815968
8816334
8816617
8816803
8816883
8817112
8817321
8817545
8818094
8818190
8818962
8819402
8819971
8820281
8820368
8821441
8821428
8821453
8821833
8822828
8823189
8823661
8823749
8823915
8823943
8824082
8824174
8825672
8826424
8826459
8826539
8826724
8826707
8827561
8827661
8827691
8828567
8828720
8828817
8829145
8829613
8830271
8830403
8830640
8831386
8832893
8833220
8833417
8834414
8834440
8834619
8834677
8834938
8834980
8835020
8835786
8836349
8836352
8837089
8839661
8839925
8840722
8841304
8842200
8842420
8843524
8843915
8845284
8845401
8845743
8845777
8846368
8846967
8847103
8848325
8848394
8848551
8849325
8849507
8849802
8849835
8849879
8850213
8851071
8851130
8851253
8852231
8852336
8852436
8853824
8853867
8854049
8854202
8854512
8854539
8854589
8855187
8855484
8855659
8856105
8856325
8856401
8856461
8857365
8857890
8858460
8859480
8859807
8860350
8860831
8860842
8860967
8861065
8861442
8861613
8862135
8862638
8863524
8864124
8864861
8865429
8865468
8865453
8866420
8866473
8867128
8867923
8868042
8868295
8868533
8868820
8869556
8869659
8870076
8870584
8870969
8871360
8871803
8871907
8872218
8872279
8873621
8874872
8874993
8875307
8876167
8876858
8877343
8877518
8878599
8879150
8879576
8879814
8879954
8880110
8880822
8881072
8882307
8882550
8882778
8883700
8883786
8883903
8884067
8884613
8885899
8886158
8886171
8886333
8886824
8887496
8887691
8888703
8888924
8889363
8889391
8890181
8890317
8890693
8891120
8891378
8891501
8891536
8891839
8892649
8893043
8893676
8893842
8894473
8894887
8895323
8895443
8895451
8895563
8895566
8896615
8897014
8898235
8898446
8899113
8899722
8899817
8900422
8901801
8902064
8902704
8902952
8903083
8904359
8904548
8904872
8905169
8905202
8905329
8905340
8905985
8906759
8907067
8907764
8907974
8908434
8908733
8908787
8909069
8910463
8911110
8911970
8912797
8913197
8913534
8913990
8913988
8914228
8914346
8914400
8914779
8915104
8915925
8915957
8916020
8916716
8917176
8917542
8917553
8919302
8919575
8920099
8920362
8920404
8920930
8921788
8921873
8922827
8922942
8923003
8924540
8924821
8924864
8924968
8925034
8925164
8925665
8926761
8927347
8928782
8928894
8929787
8930496
8930888
8931002
8931235
8931242
8932914
8933484
8934284
8934975
8935360
8935704
8936034
8936180
8936838
8937221
8937579
8937654
8938882
8942035
8942605
8942775
8943053
8943814
8944002
8944165
8944236
8944744
8945266
8945864
8945924
8946333
8947281
8947917
8948348
8949639
8949860
8950285
8951261
8951452
8951912
8952090
8954042
8954201
8954730
8955608
8956010
8957189
8957361
8957906
8958371
8958620
8959275
8960173
8960337
8960628
8961404
8961739
8961893
8962331
8962341
8962640
8963332
8964256
8964617
8955566
8964980
8965635
8965902
8966160
8966521
8966970
8966984
8967085
8967815
8968242
8968578
8969035
8969071
8969327
8969695
8970607
8970802
8971265
8972003
8972235
8972779
8973803
8974330
8974614
8975238
8976032
8976271
8976640
8976686
8976733
8976874
8976882
8977158
8977303
8977446
8978382
8978671
8979144
8979387
8980981
8981815
8981946
8982135
8982355
8982580
8982884
8983187
8983714
8984402
8984805
8986161
8986964
8987361
8987632
8987875
8988019
8988462
8988847
8989169
8989228
8989258
8989720
8989848
8989984
8990048
8991023
8992102
8992463
8992631
8992649
8993966
8994056
8994151
8994725
8995024
8995140
8995293
8995333
8995882
8996029
8996127
8996284
8996294
8996338
8996588
8998283
8998544
8998608
8998641
8999281
8999341
8999498
8999759
9000422
9000716
9001026
9001494
9001887
9002472
9002737
9003111
9004260
9004553
9004798
9005256
9005553
9007025
9007246
9007253
9007425
9008010
9008742
9009039
9009418
9009612
9010002
9011842
9011918
9013532
9013727
9014186
9014755
9016454
9017134
9017414
9019380
9019639
9019808
9020053
9020077
9020890
9021703
9021775
9022369
9022839
9023840
9024590
9024808
9024963
9025907
9026237
9026772
9027395
9027443
9028145
9028356
9028452
9028551
9029327
9029354
9030295
9030541
9030893
9031160
9031416
9032006
9032082
9032525
9034526
9034529
9034925
9036363
9037063
9037236
9037511
9037837
9038064
9038815
9038909
9039017
9039140
9039396
9039646
9039693
9039811
9040395
9040650
9040903
9041219
9041884
9042335
9042562
9043408
9043644
9043679
9043725
9043855
9044747
9044917
9044969
9045922
9047303
9047749
9047991
9048201
9048233
9048229
9048751
9049331
9050366
9050810
9052136
9052533
9052743
9053580
9054025
9054317
9054451
9054647
9055498
9056602
9056836
9057118
9057460
9057916
9058417
9058680
9058922
9059042
9059704
9061611
9062120
9062140
9062255
9062630
9062904
9063415
9063846
9064858
9065304
9065352
9066076
9066207
9066379
9066745
9067328
9067624
9068620
9069186
9069514
9069625
9069796
9069865
9070196
9070333
9070968
9071523
9071702
9072520
9073420
9073522
9074243
9074635
9074848
9075418
9076407
9078087
9078209
9078412
9078891
9079155
9079512
9080560
9080832
9080928
9081232
9081582
9082377
9083257
9084036
9084298
9084538
9084604
9085098
9085580
9086513
9086912
9089391
9089397
9089700
9090249
9090969
9091024
9091249
9091302
9092137
9092874
9093469
9093797
9094154
9095692
9095847
9097179
9097396
9098198
9098604
9099230
9101877
9102033
9102200
9102270
9103207
9103369
9103498
9104173
9104356
9105444
9105751
9105960
9106015
9106318
9106342
9106799
9106811
9107447
9108189
9108201
9108264
9108524
9108544
9108704
9109385
9109388
9109392
9109921
9109990
9110176
9110196
9111303
9112318
9112736
9113544
9115192
9115391
9115461
9115581
9115912
9116312
9117221
9117495
9118314
9119018
9119322
9119412
9119824
9120092
9121435
9121811
9123141
9123295
9123483
9123967
9124111
9124244
9125226
9125492
9126944
9128161
9128211
9128349
9129370
9129462
9130612
9130903
9131383
9132465
9133230
9133557
9134754
9135022
9136023
9136414
9137250
9137749
9137980
9138155
9138200
9138232
9138252
9138369
9138633
9138755
9138869
9138859
9138951
9139599
9139638
9140046
9140423
9141139
9144042
9144172
9144709
9145168
9145331
9145783
9146130
9146209
9146506
9147287
9147539
9147800
9150238
9150295
9150388
9150744
9152182
9152430
9152475
9152619
9152699
9152891
9152836
9153020
9154663
9155373
9155393
9155871
9156226
9156374
9157217
9157249
9157601
9157887
9158157
9158217
9158206
9158323
9158719
9158776
9159375
9159632
9159919
9160392
9160983
9161227
9161316
9161365
9161755
9162064
9162323
9162931
9163238
9163670
9164234
9164570
9164695
9165035
9165889
9166053
9166116
9166210
9166454
9166654
9167053
9167164
9168613
9170158
9171022
9175233
9175455
9175430
9175869
9176309
9176909
9177679
9178218
9178595
9178774
9179087
9179482
9179693
9179789
9180367
9180570
9180648
9181287
9181516
9181672
9182068
9182131
9182386
9182731
9183209
9183354
9183441
9184051
9184342
9184427
9184482
9185812
9186459
9186535
9187108
9187497
9187543
9188178
9188238
9188357
9188886
9189542
9189957
9190030
9190480
9190619
9192208
9192248
9192267
9192887
9193219
9193414
9193707
9194056
9195660
9196086
9196388
9196417
9196791
9197046
9197049
9197352
9198132
9198687
9198882
9198986
9199227
9199300
9200074
9200226
9200246
9200770
9201093
9201146
9201463
9201711
9202221
9202239
9202514
9202881
9202941
9203163
9203514
9204042
9206323
9206586
9206931
9208274
9209071
9209521
9210005
9210015
9210144
9210729
9212216
9212245
9212434
9212804
9213079
9213389
9214215
9214493
9214664
9215855
9215944
9215966
9216411
9216803
9217338
9217378
9217537
9218694
9218935
9219254
9220051
9220251
9220357
9220560
9221859
9221990
9222450
9223181
9223542
9223580
9224533
9224770
9225080
9226599
9227343
9228379
9228493
9228613
9228873
9228962
9229004
9229755
9229803
9230060
9230159
9230355
9231163
9231542
9231937
9233568
9233932
9234182
9234466
9235548
9236745
9237013
9237245
9238921
9239218
9239958
9340011
9340385
9340879
9340870
9341795
9344676
9344776
9344781
9345005
9345088
9346391
9347687
9348163
9348428
9349940
9350018
9350482
9350658
9350695
9351987
9352122
9352219
9354057
9354191
9354459
9354478
9354584
9354640
9355532
9356512
9358094
9358012
9358464
9358485
9358873
9359088
9359069
9359919
9360347
9360678
9360924
9361387
9361379
9361929
9362003
9362399
9362659
9364837
9365052
9365304
9365395
9365565
9366724
9366745
9367118
9367440
9367717
9367990
9368496
9368579
9368721
9369006
9369718
9370012
9370105
9370692
9372269
9373044
9373093
9373570
9374736
9375583
9375661
9377200
9377270
9377945
9378352
9379168
9379846
9380005
9380561
9381142
9381823
9381879
9382221
9382242
9382619
9382646
9382805
9383426
9383946
9384596
9386254
9386810
9387334
9388207
9388475
9389107
9389539
9389634
9389759
9390054
9390079
9390319
9391363
9391475
9391849
9392499
9393191
9393556
9394448
9394901
9395356
9395884
9397357
9397563
9398714
9399174
9399382
9400262
9400539
9400564
9400696
9401291
9402215
9402375
9402401
9403143
9403606
9404807
9405194
9406041
9406255
9406811
9407020
9407218
9407325
9407786
9408019
9408409
9410263
9410450
9410708
9411403
9411448
9411434
9411519
9411684
9412885
9413376
9414217
9415437
9416062
9416180
9417432
9417555
9417897
9418291
9418941
9419115
9419308
9419322
9419511
9419720
9420633
9421262
9421734
9423994
9424749
9425306
9425938
9426447
9427145
9427352
9427872
9428922
9429700
9431070
9431118
9431254
9431694
9432337
9432661
9433200
9433294
9433589
9433886
9434211
9434457
9435324
9435486
9435539
9435688
9437043
9438060
9439268
9439569
9439493
9440449
9441431
9441971
9442554
9443035
9443167
9443478
9443760
9443804
9443814
9445410
9445473
9445516
9445805
9446075
9447371
9448131
9449520
9449761
9450238
9450375
9450877
9451302
9451662
9451649
9452027
9452177
9453155
9454117
9454220
9454412
9455728
9455830
9457027
9458718
9458921
9460284
9460845
9460971
9463177
9464847
9465624
9466729
9467500
9467984
9468694
9468728
9468729
9469133
9471193
9471447
9471844
9472238
9472727
9472733
9473009
9474546
9475697
9475814
9475952
9476446
9477091
9477156
9478052
9478285
9479079
9480910
9481162
9481551
9481738
9481905
9482738
9482926
9482927
9483512
9483763
9483830
9483957
9484072
9485521
9486094
9486175
9487297
9488149
9488294
9489084
9489274
9490283
9490961
9492151
9493122
9493315
9493698
9494232
9495275
9495333
9495916
9496494
9496590
9498625
9499270
9499851
9501144
9501402
9503064
9503233
9503262
9503679
9504016
9504693
9505416
9507719
9507843
9508509
9509231
9509899
9510556
9510588
9512275
9513130
9513708
9514173
9515468
9515853
9515891
9517021
9517115
9517648
9519385
9519610
9519602
9519871
9520002
9520587
9520789
9521689
9521683
9522143
9522278
9523682
9524126
9524205
9524428
9524789
9525708
9525761
9525919
9526212
9526291
9526432
9527209
9527621
9528896
9529116
9529111
9529180
9530020
9530210
9530401
9531040
9532993
9533331
9533464
9533909
9534050
9534237
9534432
9534622
9534785
9534883
9535484
9535515
9538104
9538362
9538374
9539586
9539759
9541481
9541674
9542059
9542062
9544986
9545431
9545389
9546651
9546744
9547946
9548305
9548750
9548835
9549215
9549380
9549489
9549774
9549846
9549935
9550507
9554342
9556671
9557300
9557340
9558018
9558574
9558529
9558743
9558862
9559177
9560203
9561039
9563254
9563393
9563859
9565714
9566128
9567605
9568135
9568206
9568241
9569151
9569281
9569709
9569999
9570172
9573085
9573264
9573332
9573471
9573560
9574307
9574395
9574657
9574809
9575939
9576937
9577241
9577769
9578203
9579649
9580015
9580446
9580588
9581173
9581340
9581681
9582174
9582645
9583332
9583869
9584130
9584307
9585235
9585282
9585554
9586114
9586609
9586880
9587791
9587814
9588243
9588512
9588875
9588937
9589517
9590224
9590480
9591057
9591485
9593120
9593232
9593649
9593753
9593905
9593951
9594740
9595450
9595517
9598336
9598857
9599353
9599380
9599650
9600211
9601227
9601603
9601704
9603112
9605007
9606102
9607124
9607195
9607435
9607351
9607742
9608264
9608619
9608759
9609953
9610417
9611074
9611275
9612718
9614206
9614691
9615525
9615536
9615759
9616454
9616836
9618557
9618603
9618812
9618847
9618978
9620841
9621247
9621892
9622234
9623016
9623091
9623268
9623802
9624382
9624996
9625552
9625936
9626114
9626398
9627118
9627606
9628165
9628374
9628830
9629063
9629404
9629558
9629726
9631153
9631891
9632604
9633818
9633820
9633997
9634209
9634541
9634592
9635150
9635300
9635435
9635554
9636044
9637508
9638291
9638403
9639461
9639610
9640566
9640696
9641882
9642062
9642630
9643751
9644289
9644781
9646197
9646363
9646383
9646467
9647381
9649353
9650105
9651197
9651515
9651532
9652216
9653211
9654110
9655247
9655284
9655456
9656250
9656869
9657037
9657342
9657745
9657902
9658980
9659133
9659625
9659890
9660217
9660796
9661015
9661029
9661677
9661955
9662290
9662851
9663828
9664226
9664290
9664913
9665460
9665534
9665571
9665632
9665674
9666413
9666436
9666557
9666968
9667040
9668128
9668309
9668430
9669068
9669608
9670062
9670384
9670556
9670660
9670974
9672049
9672136
9673058
9674017
9674353
9674343
9675025
9675358
9675618
9676175
9677305
9677448
9677446
9677484
9677640
9678113
9678391
9678386
9678905
9678894
9679382
9680346
9681184
9682593
9684274
9685133
9686778
9687320
9688901
9689090
9689552
9689732
9689831
9690008
9690483
9690734
9691193
9691283
9691877
9692051
9692103
9692137
9692846
9692987
9693064
9695152
9696110
9696322
9696476
9696674
9696804
9696976
9696950
9697282
9698078
9698910
9698983
9698997
9699390
9699366
9699561
9699623
9700537
9700936
9701007
9701845
9702109
9703081
9703094
9703181
9703203
9703694
9703825
9704174
9704619
9704646
9705077
9705262
9705587
9705621
9705977
9707416
9707794
9708157
9708690
9709468
9711169
9711895
9711915
9712517
9712583
9714560
9714625
9714911
9715410
9715683
9715817
9716184
9717399
9717550
9718116
9718197
9718495
9718676
9721086
9722037
9722118
9722600
9724503
9725097
9725559
9725718
9726545
9726678
9727124
9727781
9727904
9727892
9728899
9731521
9731613
9731764
9733292
9733727
9734151
9735142
9735842
9736995
9737276
9738780
9739278
9739289
9740161
9740462
9740684
9741143
9742118
9743647
9743866
9743964
9744236
9744280
9744468
9744489
9744858
9745040
9745355
9745898
9746216
9746261
9746734
9746738
9747028
9747853
9747941
9748245
9749116
9750375
9751569
9752167
9752888
9753287
9753332
9756305
9756447
9757073
9757291
9758463
9758891
9759212
9759566
9760107
9760635
9761508
9761673
9762031
9762176
9762291
9762418
9762785
9763111
9763191
9763281
9763396
9763457
9763609
9763764
9764251
9764326
9764395
9765052
9765866
9766414
9766574
9766745
9766799
9766953
9766941
9767356
9767396
9768226
9769365
9769600
9769714
9770752
9771115
9771183
9771417
9771505
9773168
9773703
9774261
9774431
9774608
9775256
9775494
9775590
9776395
9777068
9777099
9777166
9777937
9778108
9778718
9778820
9778913
9782405
9782760
9782814
9782887
9782897
9783090
9783244
9783414
9785212
9785244
9785475
9787682
9788102
9788247
9788944
9789186
9789436
9789628
9790496
9790582
9790852
9791006
9791516
9792965
9793310
9793856
9794222
9794465
9794710
9794956
9795449
9796999
9798152
9798695
9799235
9799537
9800056
9800057
9801924
9802925
9803224
9803261
9803322
9803837
9804827
9804850
9805746
9805821
9806332
9806664
9806878
9807089
9807264
9807798
9808417
9808823
9809192
9809461
9809828
9810144
9810715
9810751
9810924
9811532
9811642
9812761
9815712
9816671
9816770
9816785
9817399
9818664
9818826
9818783
9819151
9820256
9820340
9820569
9820913
9820936
9821168
9822354
9823553
9825313
9825797
9826021
9826020
9826443
9826605
9827849
9828877
9829161
9830308
9830755
9830956
9831427
9832198
9832493
9833049
9833621
9833622
9833750
9833815
9834702
9834927
9835027
9835945
9835974
9836480
9836762
9837157
9837839
9837981
9838381
9838607
9838669
9839139
9839339
9839352
9840360
9840863
9841242
9841547
9841557
9841992
9842064
9842140
9842665
9842969
9843260
9844429
9845370
9845472
9845697
9845982
9846003
9846742
9846969
9847021
9847160
9847245
9847608
9847996
9848105
9848210
9849333
9850000
9850162
9850380
9851964
9853484
9853495
9853576
9853660
9853836
9854107
9854188
9854564
9855103
9856014
9856192
9857643
9858901
9859082
9859297
9859738
9859780
9860110
9860291
9860403
9860658
9860700
9861006
9861163
9861186
9861333
9861454
9862263
9862540
9863537
9864757
9864786
9865935
9866122
9866612
9867504
9867958
9868817
9869538
9869705
9870718
9870832
9871384
9872960
9873324
9873594
9873813
9873970
9875047
9875193
9875547
9875833
9876238
9876383
9876381
9876596
9877649
9877967
9878298
9878615
9879455
9879972
9880328
9880998
9882134
9882983
9883556
9883986
9884321
9884638
9884814
9887616
9887739
9887956
9888331
9888607
9889451
9889861
9890496
9891581
9891895
9892075
9892242
9892532
9893077
9893516
9894248
9894407
9894326
9894537
9894640
9894726
9895115
9895432
9895472
9897197
9897559
9897654
9897687
9898413
9899999
9900006
9900464
9900708
9900725
9900854
9900924
9901164
9901247
9901319
9901398
9902266
9902801
9902857
9902917
9902947
9903052
9903210
9904555
9904681
9904946
9905387
9905959
9906146
9906314
9906654
9906730
9907328
9907420
9907488
9907613
9907705
9908150
9908444
9908666
9909602
9910322
9910468
9910733
9911103
9912707
9913343
9913488
9914253
9914305
9914537
9915332
9916102
9916999
9917467
9917837
9917994
9919418
9919734
9920163
9920390
9920543
9920808
9923052
9923096
9923175
9923761
9924213
9924275
9925450
9925463
9925980
9926169
9926626
9926705
9927277
9929297
9929300
9929356
9929416
9929621
9930256
9930601
9930603
9930613
9931393
9931980
9932524
9932692
9932948
9932962
9933046
9933524
9933523
9933590
9934345
9934331
9936380
9937272
9937470
9937550
9937562
9938400
9938676
9939732
9940326
9940587
9940749
9940840
9941019
9941751
9943288
9943534
9943733
9943749
9944182
9944260
9944334
9944457
9945360
9945948
9947014
9947409
9947418
9948381
9948781
9949001
9949044
9949468
9949452
9949534
9949628
9951240
9951467
9951966
9952411
9953706
9954713
9955255
9955433
9955459
9955791
9956391
9956547
9956599
9958173
9958301
9958326
9959126
9959282
9960505
9960647
9961039
9961289
9962095
9962165
9962170
9962756
9963068
9963268
9963525
9964642
9965529
9966109
9966222
9967063
9967588
9968219
9969686
9969766
9970358
9970499
9970619
9970848
9971249
9971907
9972859
9973025
9973570
9974277
9974426
9974460
9974851
9975476
9975789
9975998
9976194
9976262
9976628
9976805
9977346
9977439
9977512
9977920
9978378
9978915
9978954
9978974
9979148
9979960
9980609
9980527
9981783
9983548
9983577
9983982
9984710
9984810
9984850
9985548
9986015
9987191
9987922
9988360
9989157
9989305
9990378
9990453
9990498
9990714
9991310
9991367
9991974
9992242
9993046
9993633
9993693
9994162
9994577
9994904
9995517
9996275
9996569
9996765
9997620
9999155
9999189
9999293
9999389
9999774
10000126
10000291
10000707
10001071
10001386
10001723
10001825
10001799
10002717
10003276
10004374
10004640
10004951
10006197
10006869
10008054
10009110
10009200
10009958
10010149
10010198
10010329
10011157
10011746
10013091
10013098
10013589
10013974
10014247
10014292
10014297
10014869
10015451
10015539
10015545
10015770
10015873
10016420
10018793
10019434
10019881
10020020
10020286
10020438
10021172
10021513
10022513
10022695
10023582
10024449
10025785
10025808
10026073
10026857
10029209
10029529
10029965
10030191
10030418
10030497
10032164
10032309
10032372
10033518
10033595
10034344
10034434
10034699
10035335
10035470
10035503
10035528
10036190
10036346
10036418
10036940
10038017
10038820
10039013
10039088
10039453
10042012
10042022
10042874
10042886
10042905
10042913
10042924
10042934
10042963
10042976
10042969
10042952
10042989
10042997
10043001
10043008
10043018
10043348
10043680
10044863
10045465
10046306
10046869
10047425
10047562
10047765
10048875
10049058
10049249
10049271
10050053
10050349
10050419
10050561
10051183
10051646
10052144
10052658
10053402
10053743
10054583
10054620
10054703
10055289
10057206
10057320
10058240
10059220
10063650
10064431
10064655
10064664
10064669
10064818
10064871
10064925
10064958
10065274
10066371
10069381
10069766
10069779
10070015
10071374
10071559
10071671
10071880
10072596
10073920
10074164
10074250
10074325
10076853
10077244
10077332
10078836
10078982
10079523
10081099
10081503
10081864
10082144
10083420
10084581
10084882
10084902
10085110
10085129
10085784
10085891
10086112
10086337
10086739
10087181
10088262
10088786
10090200
10090338
10090523
10091596
10091925
10092049
10092375
10093949
10094211
10094457
10095580
10096206
10096636
10098216
10100488
10102262
10102482
10102877
10105016
10105502
10105572
10105576
10107449
10107772
10107843
10108014
10108066
10108452
10108570
10108941
10109255
10109464
10109771
10110026
10110232
10114410
10114480
10114961
10115124
10116476
10116571
10116621
10117654
10118221
10119273
10120508
10120961
10121307
10121432
10122717
10123505
10123633
10124312
10126051
10126272
10128023
10129192
10129498
10129805
10130830
10131065
10131859
10132648
10134767
10135510
10135940
10136265
10136848
10136932
10137760
10137877
10137935
10138178
10140784
10140863
10140909
10141315
10141336
10141575
10141878
10142037
10142203
10142217
10142996
10144251
10144346
10145180
10145424
10145689
10145756
10145816
10145985
10146362
10146590
10146625
10146780
10146914
10146965
10148069
10148686
10149207
10149623
10149690
10150236
10150226
10151541
10153048
10153291
10153361
10153855
10153881
10154662
10155124
10155812
10156265
10157018
10157176
10157359
10157631
10157747
10157801
10158324
10158882
10159642
10160119
10160322
10160379
10160390
10160580
10160845
10160865
10161016
10161160
10161347
10161557
10161655
10162546
10162967
10163201
10163360
10163561
10163540
10164045
10164220
10164997
10165136
10165983
10166347
10166416
10166914
10166973
10167163
10167433
10167525
10169002
10170930
10172024
10172169
10172866
10173084
10173492
10174015
10174011
10174903
10175788
10176259
10177549
10178009
10178707
10178805
10178939
10178957
10179202
10179990
10180583
10181431
10181459
10182614
10183394
10184219
10184400
10184460
10185494
10185699
10185925
10186012
10186055
10186231
10187592
10187879
10188209
10190111
10190416
10190954
10192223
10192348
10193402
10193503
10196298
10196920
10197164
10197339
10197363
10197961
10198067
10198155
10198854
10198882
10199017
10199203
10199660
10200042
10200545
10201103
10203119
10203587
10205286
10205885
10206129
10207627
10207769
10207958
10208120
10208138
10208369
10208917
10209158
10209835
10210592
10210848
10211061
10211843
10214398
10214505
10214524
10216289
10216298
10216434
10217303
10217383
10218344
10218425
10218701
10218734
10219101
10220055
10220080
10220817
10220884
10222628
10223146
10223298
10223926
10224220
10224251
10224407
10224676
10224971
10225447
10226079
10226754
10227234
10228019
10228754
10228863
10228867
10229087
10229182
10229299
10229804
10230249
10232730
10232860
10233248
10233238
10233346
10233615
10233912
10234254
10234934
10235013
10235427
10235444
10235486
10235644
10236204
10236408
10236777
10237009
10237063
10237065
10237290
10237557
10237781
10237901
10238236
10238778
10240349
10240865
10241050
10241447
10241811
10242201
10243188
10245324
10245389
10245402
10245409
10245636
10246243
10246675
10248358
10249087
10250923
10252138
10252341
10252471
10253161
10253172
10254960
10255121
10255519
10255622
10256158
10256245
10257652
10257941
10258142
10258605
10259243
10259328
10259353
10260244
10260462
10260542
10260663
10260816
10260819
10261019
10261555
10262491
10262673
10262753
10263080
10263559
10264140
10264192
10264361
10264424
10265180
10266047
10266648
10266850
10266977
10267398
10268340
10268619
10268936
10269558
10270295
10270381
10270541
10270834
10270849
10270993
10271291
10271624
10272175
10272278
10272371
10272437
10272573
10273372
10274355
10274657
10275031
10275935
10276290
10278797
10278974
10279776
10279994
10279998
10280587
10281734
10282135
10282352
10282697
10283020
10283056
10283217
10283314
10283518
10286110
10286511
10286731
10286847
10286909
10287443
10287472
10287998
10291244
10291763
10293025
10293463
10293928
10294009
10294161
10294191
10294646
10294723
10295330
10295934
10297387
10297546
10297769
10297848
10298587
10299203
10299275
10299842
10299891
10300382
10300423
10300434
10300693
10301063
10301268
10301804
10302021
10302148
10303223
10303401
10303582
10303724
10303967
10303991
10304525
10304778
10307769
10307818
10307957
10309286
10310305
10310464
10310736
10311987
10312134
10312284
10312505
10312779
10312874
10313509
10314376
10314853
10315219
10316561
10317345
10317830
10319835
10320219
10320695
10322052
10322090
10322130
10323419
10323551
10325043
10325835
10325880
10326008
10326449
10326892
10327358
10328480
10328811
10329718
10330316
10330648
10330854
10330926
10331098
10331286
10331619
10331968
10332066
10332180
10332310
10332554
10332618
10333165
10333610
10334477
10334513
10334826
10334987
10335581
10335600
10335827
10336661
10337744
10337867
10337964
10338055
10338169
10338516
10338755
10339245
10340009
10340905
10341343
10341500
10342631
10342657
10342872
10342965
10343762
10343959
10344167
10345064
10345858
10346770
10348137
10348628
10348715
10349421
10349449
10351093
10351316
10351829
10352291
10353609
10353863
10354092
10354743
10355491
10356004
10356755
10357930
10358588
10359601
10363893
10365111
10366700
10367100
10367697
10368390
10369001
10369629
10370627
10371003
10371095
10372165
10372987
10373456
10374026
10374032
10374157
10374381
10374483
10375249
10375310
10375920
10376139
10376146
10377145
10377981
10378105
10378337
10378852
10379008
10379162
10379724
10380110
10380545
10380997
10382041
10382448
10382790
10382892
10383426
10384198
10384426
10385121
10385181
10374628
10386552
10388343
10388377
10388856
10389005
10389398
10389886
10390243
10390303
10391611
10391898
10393734
10393975
10394256
10394598
10395012
10395358
10395690
10395904
10398045
10398538
10399011
10399092
10400021
10400998
10401209
10401241
10401618
10401741
10401848
10401963
10402001
10402124
10402472
10402656
10402905
10403372
10404708
10405609
10406609
10406727
10406910
10407326
10407581
10408307
10408400
10408409
10408776
10409357
10410052
10410719
10411109
10411334
10411843
10411927
10412361
10413287
10413528
10413524
10413636
10413933
10414246
10415466
10415568
10415664
10416276
10416525
10416822
10416968
10417206
10417743
10418714
10419064
10420737
10421096
10421557
10421614
10421709
10422132
10422425
10422475
10422488
10422711
10422817
10422818
10422896
10423292
10423656
10423710
10424508
10424695
10425396
10425924
10426051
10426649
10426660
10426917
10428140
10428552
10428686
10430113
10430578
10431107
10431196
10432162
10432219
10433052
10433201
10433380
10433751
10433852
10434746
10434895
10435493
10435602
10435690
10436797
10437111
10437506
10437825
10438254
10438843
10439515
10439628
10439710
10439990
10440053
10440070
10441783
10441985
10442240
10442349
10443113
10443670
10443880
10444223
10445632
10446538
10448009
10449437
10449884
10449873
10450060
10451123
10451501
10451909
10452829
10452852
10453258
10454360
10454449
10456813
10456968
10457947
10458112
10458455
10458537
10459234
10459497
10462768
10464055
10464309
10466927
10467125
10467729
10469867
10470605
10471372
10473047
10471728
10473547
10473548
10473609
10474537
10474797
10475204
10476714
10476917
10478066
10478796
10479271
10479654
10480799
10480909
10482138
10482475
10483715
10483816
10483951
10484050
10484033
10486448
10486797
10487388
10489389
10489835
10491376
10492559
10492721
10494327
10494352
10494389
10494497
10494757
10494874
10495011
10495038
10495066
10495581
10495705
10496142
10496571
10497523
10497621
10497722
10498814
10499021
10499149
10499271
10500084
10500646
10502566
10502618
10503509
10504290
10505258
10505803
10505821
10506836
10507139
10507736
10507925
10509536
10511243
10511430
10512381
10512574
10512992
10514070
10514222
10515108
10515406
10516969
10517323
10517745
10518892
10519388
10519585
10521340
10521420
10521987
10522523
10522592
10522914
10523881
10524322
10525228
10525455
10526189
10526267
10527340
10527691
10527897
10527932
10527982
10528114
10528127
10528501
10528754
10529030
10529751
10530433
10530850
10530869
10531063
10531889
10532550
10533435
10533702
10534869
10534968
10535781
10535784
10536220
10536440
10536581
10536626
10537034
10537029
10537512
10537537
10537774
10537902
10537998
10539197
10540128
10541268
10541428
10542133
10543144
10543218
