8019705
8034515
8036488
8036732
8036741
8036776
8043868
8043874
8043846
8044050
8044070
8044120
8044095
8044148
8072219
8105289
8146053
8164240
8172269
8183869
8231704
8260152
8261153
8274726
8295270
8297537
8362313
8387607
8388902
8418758
8459121
8496864
8506822
8522953
8544221
8558420
8600935
8632961
8641588
8671035
8683260
8763146
8763947
8845777
8879814
8924540
8947281
8966970
9025907
9037236
9043725
9048201
9048229
9062904
9091249
9119322
9150388
9166654
9175233
9210005
9223181
9340879
9344776
9375583
9394448
9438060
9477156
9492151
9507719
9521683
9538374
9582174
9588875
9590224
9599380
9628165
9629404
9643751
9646467
9665674
9673058
9675025
9678905
9678894
9692987
9699390
9703825
9705262
9717550
9734151
9743964
9756447
9777937
9782887
9789436
9793856
9809828
9816785
9818783
9828877
9835974
9848210
9849333
9870718
9878298
9892242
9897559
9902857
9929356
9931393
9940749
9944182
9944334
9975476
9985548
9999389
10009958
10035528
10036190
10042874
10042886
10042905
10042913
10042924
10042934
10042963
10042969
10042976
10042952
10042989
10042997
10043001
10043008
10043018
10064655
10064664
10064669
10071880
10108941
10138178
10141336
10145756
10148069
10188209
10238778
10256245
10260542
10262753
10294723
10312284
10322130
10330926
10343959
10348715
10352291
10367697
10388343
10390243
10415466
10417743
10421557
10462768
10464309
10475204
10476714
10496571
10512992
10531063
